255 255 255 255 255 255 255 255 255 255 255 255 255 255 255 255
255 249 225 219 219 219 219 219 219 219 219 219 219 225 249 255
255 225  79  43  43  43  43  43  43  43  43  43  43  79 225 255
255 226  89  55  55  55  55  55  55  55  55  43  12  43 219 255
255 247 208 199 199 199 199 199 199 199 199 155  43  43 219 255
255 255 255 255 255 255 255 255 255 255 255 199  55  43 219 255
255 251 233 229 229 229 229 229 229 229 229 178  49  43 219 255
255 220  54  13  13  13  13  13  13  13  13  10   3  43 219 255
255 220  54  13  13  13  13  13  13  13  13  10   3  43 219 255
255 251 233 229 229 229 229 229 229 229 229 178  49  43 219 255
255 255 255 255 255 255 255 255 255 255 255 199  55  43 219 255
255 247 208 199 199 199 199 199 199 199 199 155  43  43 219 255
255 226  89  55  55  55  55  55  55  55  55  43  12  43 219 255
255 225  79  43  43  43  43  43  43  43  43  43  43  79 225 255
255 249 225 219 219 219 219 219 219 219 219 219 219 225 249 255
255 255 255 255 255 255 255 255 255 255 255 255 255 255 255 255
255 255 255 255 255 255 255 255 255 255 255 255 255 255 255 255
255 249 225 219 219 219 219 219 219 219 219 219 219 225 249 255
255 225  79  43  43  43  43  43  43  43  43  43  43  79 225 255
255 226  89  55  55  55  55  55  55  55  55  43  12  43 219 255
255 247 208 199 199 199 199 199 199 199 199 155  43  43 219 255
255 255 255 255 255 255 255 255 255 255 255 199  55  43 219 255
255 251 233 229 229 229 229 229 229 229 229 178  49  43 219 255
255 220  54  13  13  13  13  13  13  13  13  10   3  43 219 255
255 220  54  13  13  13  13  13  13  13  13  10   3  43 219 255
255 251 233 229 229 229 229 229 229 229 229 178  49  43 219 255
255 255 255 255 255 255 255 255 255 255 255 199  55  43 219 255
255 247 208 199 199 199 199 199 199 199 199 155  43  43 219 255
255 226  89  55  55  55  55  55  55  55  55  43  12  43 219 255
255 225  79  43  43  43  43  43  43  43  43  43  43  79 225 255
255 249 225 219 219 219 219 219 219 219 219 219 219 225 249 255
255 255 255 255 255 255 255 255 255 255 255 255 255 255 255 255
255 255 255 255 255 255 255 255 255 255 255 255 255 255 255 255
255 249 225 219 219 219 219 219 219 219 219 219 219 225 249 255
255 225  79  43  43  43  43  43  43  43  43  43  43  79 225 255
255 226  89  55  55  55  55  55  55  55  55  43  12  43 219 255
255 247 208 199 199 199 199 199 199 199 199 155  43  43 219 255
255 255 255 255 255 255 255 255 255 255 255 199  55  43 219 255
255 251 233 229 229 229 229 229 229 229 229 178  49  43 219 255
255 220  54  13  13  13  13  13  13  13  13  10   3  43 219 255
255 220  54  13  13  13  13  13  13  13  13  10   3  43 219 255
255 251 233 229 229 229 229 229 229 229 229 178  49  43 219 255
255 255 255 255 255 255 255 255 255 255 255 199  55  43 219 255
255 247 208 199 199 199 199 199 199 199 199 155  43  43 219 255
255 226  89  55  55  55  55  55  55  55  55  43  12  43 219 255
255 225  79  43  43  43  43  43  43  43  43  43  43  79 225 255
255 249 225 219 219 219 219 219 219 219 219 219 219 225 249 255
255 255 255 255 255 255 255 255 255 255 255 255 255 255 255 255

255 255 255 255 255 255 255 255 255 255 255 255 255 255 255 255
255 250 225 219 219 219 219 219 219 219 219 219 219 225 250 255
255 225  80  43  43  43  43  43  43  43  43  43  43  80 225 255
255 219  43  12  43  56  50   3   3  50  56  43  12  43 219 255
255 219  43  43 155 199 179  11  11 179 199 155  43  43 219 255
255 219  43  56 199 255 229  14  14 229 255 199  56  43 219 255
255 219  43  56 199 255 229  14  14 229 255 199  56  43 219 255
255 219  43  56 199 255 229  14  14 229 255 199  56  43 219 255
255 219  43  56 199 255 229  14  14 229 255 199  56  43 219 255
255 219  43  56 199 255 229  14  14 229 255 199  56  43 219 255
255 219  43  56 199 255 229  14  14 229 255 199  56  43 219 255
255 219  43  56 199 255 229  14  14 229 255 199  56  43 219 255
255 219  43  56 199 255 229  14  14 229 255 199  56  43 219 255
255 225  80  90 209 255 233  55  55 233 255 209  90  80 225 255
255 250 225 227 247 255 251 221 221 251 255 247 227 225 250 255
255 255 255 255 255 255 255 255 255 255 255 255 255 255 255 255
255 255 255 255 255 255 255 255 255 255 255 255 255 255 255 255
255 250 225 219 219 219 219 219 219 219 219 219 219 225 250 255
255 225  80  43  43  43  43  43  43  43  43  43  43  80 225 255
255 219  43  12  43  56  50   3   3  50  56  43  12  43 219 255
255 219  43  43 155 199 179  11  11 179 199 155  43  43 219 255
255 219  43  56 199 255 229  14  14 229 255 199  56  43 219 255
255 219  43  56 199 255 229  14  14 229 255 199  56  43 219 255
255 219  43  56 199 255 229  14  14 229 255 199  56  43 219 255
255 219  43  56 199 255 229  14  14 229 255 199  56  43 219 255
255 219  43  56 199 255 229  14  14 229 255 199  56  43 219 255
255 219  43  56 199 255 229  14  14 229 255 199  56  43 219 255
255 219  43  56 199 255 229  14  14 229 255 199  56  43 219 255
255 219  43  56 199 255 229  14  14 229 255 199  56  43 219 255
255 225  80  90 209 255 233  55  55 233 255 209  90  80 225 255
255 250 225 227 247 255 251 221 221 251 255 247 227 225 250 255
255 255 255 255 255 255 255 255 255 255 255 255 255 255 255 255
255 255 255 255 255 255 255 255 255 255 255 255 255 255 255 255
255 250 225 219 219 219 219 219 219 219 219 219 219 225 250 255
255 225  80  43  43  43  43  43  43  43  43  43  43  80 225 255
255 219  43  12  43  56  50   3   3  50  56  43  12  43 219 255
255 219  43  43 155 199 179  11  11 179 199 155  43  43 219 255
255 219  43  56 199 255 229  14  14 229 255 199  56  43 219 255
255 219  43  56 199 255 229  14  14 229 255 199  56  43 219 255
255 219  43  56 199 255 229  14  14 229 255 199  56  43 219 255
255 219  43  56 199 255 229  14  14 229 255 199  56  43 219 255
255 219  43  56 199 255 229  14  14 229 255 199  56  43 219 255
255 219  43  56 199 255 229  14  14 229 255 199  56  43 219 255
255 219  43  56 199 255 229  14  14 229 255 199  56  43 219 255
255 219  43  56 199 255 229  14  14 229 255 199  56  43 219 255
255 225  80  90 209 255 233  55  55 233 255 209  90  80 225 255
255 250 225 227 247 255 251 221 221 251 255 247 227 225 250 255
255 255 255 255 255 255 255 255 255 255 255 255 255 255 255 255

255 255 255 255 255 255 255 255 255 255 255 255 255 255 255 255
255 250 225 219 219 219 219 219 219 219 219 219 219 225 250 255
255 225  80  43  43  43  43  43  43  43  43  43  43  80 225 255
255 219  43  12  43  56  56  56  56  56  56  56  56  90 227 255
255 219  43  43 155 199 199 199 199 199 199 199 199 209 247 255
255 219  43  56 199 255 255 255 255 255 255 255 255 255 255 255
255 219  43  50 179 229 229 229 229 229 229 229 229 233 251 255
255 219  43   3  11  14  14  14  14  14  14  14  14  55 221 255
255 219  43   3  11  14  14  14  14  14  14  14  14  55 221 255
255 219  43  50 179 229 229 229 229 229 229 229 229 233 251 255
255 219  43  56 199 255 255 255 255 255 255 255 255 255 255 255
255 219  43  43 155 199 199 199 199 199 199 199 199 209 247 255
255 219  43  12  43  56  56  56  56  56  56  56  56  90 227 255
255 225  80  43  43  43  43  43  43  43  43  43  43  80 225 255
255 250 225 219 219 219 219 219 219 219 219 219 219 225 250 255
255 255 255 255 255 255 255 255 255 255 255 255 255 255 255 255
255 255 255 255 255 255 255 255 255 255 255 255 255 255 255 255
255 250 225 219 219 219 219 219 219 219 219 219 219 225 250 255
255 225  80  43  43  43  43  43  43  43  43  43  43  80 225 255
255 219  43  12  43  56  56  56  56  56  56  56  56  90 227 255
255 219  43  43 155 199 199 199 199 199 199 199 199 209 247 255
255 219  43  56 199 255 255 255 255 255 255 255 255 255 255 255
255 219  43  50 179 229 229 229 229 229 229 229 229 233 251 255
255 219  43   3  11  14  14  14  14  14  14  14  14  55 221 255
255 219  43   3  11  14  14  14  14  14  14  14  14  55 221 255
255 219  43  50 179 229 229 229 229 229 229 229 229 233 251 255
255 219  43  56 199 255 255 255 255 255 255 255 255 255 255 255
255 219  43  43 155 199 199 199 199 199 199 199 199 209 247 255
255 219  43  12  43  56  56  56  56  56  56  56  56  90 227 255
255 225  80  43  43  43  43  43  43  43  43  43  43  80 225 255
255 250 225 219 219 219 219 219 219 219 219 219 219 225 250 255
255 255 255 255 255 255 255 255 255 255 255 255 255 255 255 255
255 255 255 255 255 255 255 255 255 255 255 255 255 255 255 255
255 250 225 219 219 219 219 219 219 219 219 219 219 225 250 255
255 225  80  43  43  43  43  43  43  43  43  43  43  80 225 255
255 219  43  12  43  56  56  56  56  56  56  56  56  90 227 255
255 219  43  43 155 199 199 199 199 199 199 199 199 209 247 255
255 219  43  56 199 255 255 255 255 255 255 255 255 255 255 255
255 219  43  50 179 229 229 229 229 229 229 229 229 233 251 255
255 219  43   3  11  14  14  14  14  14  14  14  14  55 221 255
255 219  43   3  11  14  14  14  14  14  14  14  14  55 221 255
255 219  43  50 179 229 229 229 229 229 229 229 229 233 251 255
255 219  43  56 199 255 255 255 255 255 255 255 255 255 255 255
255 219  43  43 155 199 199 199 199 199 199 199 199 209 247 255
255 219  43  12  43  56  56  56  56  56  56  56  56  90 227 255
255 225  80  43  43  43  43  43  43  43  43  43  43  80 225 255
255 250 225 219 219 219 219 219 219 219 219 219 219 225 250 255
255 255 255 255 255 255 255 255 255 255 255 255 255 255 255 255

255 255 255 255 255 255 255 255 255 255 255 255 255 255 255 255
255 250 225 227 247 255 251 221 221 251 255 247 227 225 250 255
255 225  80  90 209 255 233  55  55 233 255 209  90  80 225 255
255 219  43  56 199 255 229  14  14 229 255 199  56  43 219 255
255 219  43  56 199 255 229  14  14 229 255 199  56  43 219 255
255 219  43  56 199 255 229  14  14 229 255 199  56  43 219 255
255 219  43  56 199 255 229  14  14 229 255 199  56  43 219 255
255 219  43  56 199 255 229  14  14 229 255 199  56  43 219 255
255 219  43  56 199 255 229  14  14 229 255 199  56  43 219 255
255 219  43  56 199 255 229  14  14 229 255 199  56  43 219 255
255 219  43  56 199 255 229  14  14 229 255 199  56  43 219 255
255 219  43  43 155 199 179  11  11 179 199 155  43  43 219 255
255 219  43  12  43  56  50   3   3  50  56  43  12  43 219 255
255 225  80  43  43  43  43  43  43  43  43  43  43  80 225 255
255 250 225 219 219 219 219 219 219 219 219 219 219 225 250 255
255 255 255 255 255 255 255 255 255 255 255 255 255 255 255 255
255 255 255 255 255 255 255 255 255 255 255 255 255 255 255 255
255 250 225 227 247 255 251 221 221 251 255 247 227 225 250 255
255 225  80  90 209 255 233  55  55 233 255 209  90  80 225 255
255 219  43  56 199 255 229  14  14 229 255 199  56  43 219 255
255 219  43  56 199 255 229  14  14 229 255 199  56  43 219 255
255 219  43  56 199 255 229  14  14 229 255 199  56  43 219 255
255 219  43  56 199 255 229  14  14 229 255 199  56  43 219 255
255 219  43  56 199 255 229  14  14 229 255 199  56  43 219 255
255 219  43  56 199 255 229  14  14 229 255 199  56  43 219 255
255 219  43  56 199 255 229  14  14 229 255 199  56  43 219 255
255 219  43  56 199 255 229  14  14 229 255 199  56  43 219 255
255 219  43  43 155 199 179  11  11 179 199 155  43  43 219 255
255 219  43  12  43  56  50   3   3  50  56  43  12  43 219 255
255 225  80  43  43  43  43  43  43  43  43  43  43  80 225 255
255 250 225 219 219 219 219 219 219 219 219 219 219 225 250 255
255 255 255 255 255 255 255 255 255 255 255 255 255 255 255 255
255 255 255 255 255 255 255 255 255 255 255 255 255 255 255 255
255 250 225 227 247 255 251 221 221 251 255 247 227 225 250 255
255 225  80  90 209 255 233  55  55 233 255 209  90  80 225 255
255 219  43  56 199 255 229  14  14 229 255 199  56  43 219 255
255 219  43  56 199 255 229  14  14 229 255 199  56  43 219 255
255 219  43  56 199 255 229  14  14 229 255 199  56  43 219 255
255 219  43  56 199 255 229  14  14 229 255 199  56  43 219 255
255 219  43  56 199 255 229  14  14 229 255 199  56  43 219 255
255 219  43  56 199 255 229  14  14 229 255 199  56  43 219 255
255 219  43  56 199 255 229  14  14 229 255 199  56  43 219 255
255 219  43  56 199 255 229  14  14 229 255 199  56  43 219 255
255 219  43  43 155 199 179  11  11 179 199 155  43  43 219 255
255 219  43  12  43  56  50   3   3  50  56  43  12  43 219 255
255 225  80  43  43  43  43  43  43  43  43  43  43  80 225 255
255 250 225 219 219 219 219 219 219 219 219 219 219 225 250 255
255 255 255 255 255 255 255 255 255 255 255 255 255 255 255 255
